3 0.15433212996389892 0.7828146143437077 0.2328519855595668 0.16914749661705006
3 0.2779783393501805 0.6292286874154263 0.148014440433213 0.08389715832205684
3 0.4756317689530686 0.696211096075778 0.09566787003610108 0.06359945872801083
3 0.40884476534296027 0.8092016238159675 0.14981949458483754 0.08930987821380243
3 0.6010830324909747 0.8464140730717186 0.17689530685920576 0.09066305818673884
3 0.5279783393501805 0.5717185385656293 0.22563176895306858 0.13937753721244925
3 0.24368231046931407 0.5392422192151556 0.1299638989169675 0.07983761840324763
3 0.6805054151624549 0.4621109607577808 0.11913357400722022 0.05548037889039242
3 0.7707581227436823 0.577807848443843 0.1552346570397112 0.056833558863328824
3 0.7581227436823105 0.8883626522327469 0.061371841155234655 0.03382949932341001
3 0.7355595667870036 0.8437077131258457 0.04512635379061372 0.044654939106901215
3 0.6101083032490975 0.6935047361299053 0.07942238267148015 0.05006765899864682