1 0.0611953125 0.699495896834701 0.0859375 0.5392731535756154
1 0.11392968750000002 0.5773739742086753 0.0794296875 0.4552520515826495
1 0.18228906250000002 0.5041031652989449 0.1328125 0.3399765533411489
1 0.2669296875 0.43669402110199296 0.203125 0.33411488862837047
1 0.79296875 0.2715943728018757 0.2864609375 0.4259437280187573
1 0.5677109375 0.5871395076201641 0.203125 0.5021453692848769
1 0.45703125 0.8333294255568582 0.2161484375 0.26767878077373974
1 0.44010156250000004 0.44451348182883943 0.16927343749999998 0.3731887456037514
1 0.6165390625 0.31262602579132476 0.17578125 0.37124267291910906
1 0.767578125 0.6047245017584995 0.26953125 0.3028487690504103
1 0.953125 0.49433763188745605 0.09375 0.2305627198124267
1 0.16536718749999998 0.9103165298944901 0.2161484375 0.17936694021101993
1 0.2747421875 0.8303985932004689 0.17708593749999998 0.32434935521688163