3 0.23818627450980392 0.8248529411764707 0.35318627450980394 0.32617647058823535
3 0.6862745098039216 0.919485294117647 0.13323529411764706 0.16100490196078432
3 0.6234313725490196 0.6796813725490196 0.15334967320261436 0.22436274509803922
3 0.40661764705882353 0.6240686274509804 0.14202614379084968 0.1696813725490196
3 0.6190359477124183 0.5156372549019608 0.1998529411764706 0.27338235294117647
3 0.023888888888888887 0.9421078431372549 0.04524509803921569 0.11575980392156862
0 0.7937418300653595 0.0971078431372549 0.37330065359477127 0.19419117647058826
4 0.9009477124183006 0.7088970588235295 0.19808823529411765 0.22247549019607843
3 0.7685947712418301 0.7927941176470588 0.09929738562091504 0.06220588235294117
4 0.389640522875817 0.7494362745098039 0.15083333333333335 0.2620588235294118
0 0.5511601307189542 0.8191911764705883 0.23754901960784314 0.11122549019607844
3 0.48957516339869284 0.7418872549019607 0.13197712418300653 0.17911764705882352
0 0.4298692810457516 0.4581372549019608 0.12316993464052287 0.1696813725490196