0 0.855326797385621 0.5081127450980393 0.11437908496732026 0.13009803921568627
3 0.3255392156862745 0.5401470588235294 0.13071895424836602 0.20551470588235293
3 0.5561764705882353 0.27904411764705883 0.1696895424836601 0.1432843137254902
4 0.12380718954248365 0.4091176470588235 0.2476143790849673 0.1432843137254902
4 0.10808823529411765 0.31107843137254904 0.15334967320261436 0.12443627450980393
4 0.38712418300653595 0.3403186274509804 0.11312091503267975 0.11122549019607844
4 0.34501633986928104 0.4119607843137255 0.10433006535947713 0.1263235294117647
4 0.2834313725490196 0.35161764705882353 0.09174836601307189 0.13009803921568627
0 0.4807679738562092 0.5514705882352942 0.15209150326797385 0.19041666666666665
0 0.5561764705882353 0.4402450980392157 0.22749999999999998 0.10370098039215687
0 0.7044934640522875 0.3572794117647059 0.09929738562091504 0.14894607843137256
4 0.7541503267973857 0.12348039215686275 0.2086437908496732 0.17534313725490197
4 0.5964052287581699 0.20267156862745098 0.22498366013071894 0.15272058823529414
0 0.3519281045751634 0.14517156862745098 0.14831699346405228 0.0829656862745098
0 0.10369281045751634 0.7164460784313725 0.07918300653594772 0.03769607843137255
0 0.37707516339869285 0.7654656862745098 0.2790359477124183 0.13198529411764706
0 0.7170751633986928 0.7447303921568628 0.1998529411764706 0.46002450980392157