3 0.5417320261437909 0.29600490196078433 0.15836601307189543 0.23754901960784314
0 0.3821078431372549 0.22151960784313723 0.18099673202614378 0.23191176470588237
0 0.6860294117647059 0.8874509803921569 0.6279575163398693 0.22512254901960782
4 0.3569607843137255 0.6306617647058823 0.1357516339869281 0.1979656862745098
4 0.48580065359477126 0.4760539215686274 0.11689542483660131 0.16779411764705882
4 0.5656045751633987 0.6400735294117647 0.18852941176470586 0.2582843137254902
4 0.698218954248366 0.5118872549019607 0.21745098039215688 0.15649509803921569
4 0.8176143790849673 0.5561764705882353 0.26269607843137255 0.20740196078431375
4 0.810702614379085 0.706078431372549 0.3117156862745098 0.2620588235294118
3 0.9198039215686273 0.6419607843137255 0.16037581699346407 0.20926470588235294
4 0.9820261437908496 0.6089705882352942 0.03594771241830065 0.1847549019607843
0 0.08107843137254901 0.706078431372549 0.1546078431372549 0.23191176470588237
0 0.20676470588235296 0.46098039215686276 0.3079411764705883 0.19041666666666665
0 0.162140522875817 0.18571078431372548 0.15083333333333335 0.14894607843137256
0 0.2714869281045752 0.27526960784313725 0.15334967320261436 0.10936274509803921
0 0.2777777777777778 0.3572794117647059 0.17344771241830068 0.08107843137254901
4 0.04398692810457517 0.8125980392156863 0.08799019607843138 0.2149264705882353
0 0.8044281045751634 0.23943627450980393 0.06284313725490197 0.09803921568627451
0 0.551781045751634 0.15931372549019607 0.2237254901960784 0.13762254901960783
0 0.2494934640522876 0.1008578431372549 0.054052287581699346 0.06975490196078432
0 0.28217320261437906 0.06786764705882353 0.0515359477124183 0.022622549019607845
0 0.049019607843137254 0.13669117647058823 0.08044117647058822 0.0999264705882353
0 0.15019607843137256 0.29411764705882354 0.054052287581699346 0.05656862745098039
0 0.9150326797385621 0.27526960784313725 0.052794117647058825 0.049019607843137254