0 0.7761437908496732 0.9987745098039216 0.0014869281045751634 0.0024509803921568627
3 0.20624183006535948 0.2747549019607843 0.4040359477124183 0.5347549019607843
0 0.4114705882352941 0.32419117647058826 0.12181372549019608 0.1715686274509804
0 0.37508169934640523 0.7587009803921569 0.372843137254902 0.452328431372549
3 0.6313071895424837 0.685171568627451 0.2198529411764706 0.2874264705882353
0 0.8006535947712419 0.8141666666666667 0.2525326797385621 0.37166666666666665
4 0.6209150326797386 0.3799019607843137 0.2109313725490196 0.4255882352941176
0 0.4233513071895425 0.4500882352941176 0 0 0.7097990196078431 0 0 0
2 0.9655392156862744 0.7508823529411766 0.06535947712418301 0.16487745098039214
0 0.7598039215686274 0.45009803921568625 0.20647058823529413 0.298578431372549
3 0.7880228758169935 0.2740686274509804 0.2183660130718954 0.23174019607843135
4 0.7947058823529412 0.1158578431372549 0.15151960784313726 0.23174019607843135