0 0.42232026143790846 0.7616911764705881 0.46756535947712413 0.30544117647058827
0 0.8352124183006535 0.36387254901960786 0.09678104575163399 0.11311274509803922
4 0.9304901960784314 0.4402450980392157 0.13901960784313724 0.1263235294117647
4 0.8484150326797386 0.3384313725490196 0.14580065359477123 0.08485294117647058
3 0.3990686274509804 0.33181372549019605 0.1118627450980392 0.486421568627451
3 0.4908169934640523 0.5495833333333333 0.13950980392156861 0.16401960784313727
4 0.6008006535947712 0.3224019607843137 0.13071895424836602 0.3883823529411765
4 0.6177777777777778 0.5335539215686275 0.18477124183006535 0.16590686274509803
3 0.7038725490196078 0.37142156862745096 0.14580065359477123 0.24887254901960787
3 0.49459150326797385 0.38272058823529415 0.12946078431372549 0.21870098039215688
3 0.761062091503268 0.47700980392156866 0.2551470588235294 0.13198529411764706
0 0.802532679738562 0.8606617647058823 0.12192810457516341 0.13762254901960783